-5.000000000000000000e+00 1.464021188054268259e-04 9.061603270391588012e+03
-4.444444444444444642e+00 1.298076168257348705e-04 1.309862534499613685e+04
-3.888888888888888840e+00 1.135130397120825898e-04 2.945621049272913660e+04
-3.333333333333333037e+00 9.750165302518171357e-05 6.142202489997913653e+04
-2.777777777777777679e+00 8.174931334746983089e-05 4.110865895805779292e+04
-2.222222222222222321e+00 6.622203179017515122e-05 3.996739558210594987e+04
-1.666666666666666519e+00 5.084919838199655382e-05 2.803151318756432374e+04
-1.111111111111110716e+00 3.551522832661218937e-05 1.596822862422302933e+04
-5.555555555555553582e-01 2.013160104036136887e-05 3.041172742943196499e+04
0.000000000000000000e+00 4.116786482357651195e-06 3.712810814613039111e+04
