-5.000000000000000000e+00 2.841246338328902183e-04 3.699099581648134972e+03
-4.444444444444444642e+00 2.576853646973508881e-04 4.032394471690210594e+03
-3.888888888888888840e+00 2.317117158171189627e-04 5.457957171944912261e+03
-3.333333333333333037e+00 2.061910564754342381e-04 6.854079048677387618e+03
-2.777777777777777679e+00 1.811149648959857169e-04 1.002679650760150980e+04
-2.222222222222222321e+00 1.564796029233762680e-04 2.143716882790011005e+04
-1.666666666666666519e+00 1.322821539581102088e-04 7.738760842574345588e+04
-1.111111111111110716e+00 1.085100552966010955e-04 3.992426710272447963e+04
-5.555555555555553582e-01 8.512326094238004028e-05 3.673667213766058558e+04
0.000000000000000000e+00 6.204298488998778878e-05 2.388608142211322047e+04
