-5.000000000000000000e+00 1.344023438208732935e-04 1.859076554075698368e+04
-4.444444444444444642e+00 1.195306675072835940e-04 3.297287521839107649e+04
-3.888888888888888840e+00 1.049266688367353224e-04 4.896243624312477186e+04
-3.333333333333333037e+00 9.057113402271898617e-05 5.055118057174179557e+04
-2.777777777777777679e+00 7.643246878842323050e-05 4.243598689502072375e+04
-2.222222222222222321e+00 6.244416551685892690e-05 2.818499307800091628e+04
-1.666666666666666519e+00 4.850387381978708324e-05 1.711382729477586327e+04
-1.111111111111110716e+00 3.456840106450116115e-05 3.640606457812346343e+04
-5.555555555555553582e-01 2.029880680879441661e-05 2.155044659382289319e+04
0.000000000000000000e+00 5.546279802087577225e-06 4.781179907828391151e+04
