-5.000000000000000000e+00 1.623874594355799689e-04 7.052035635726406326e+03
-4.444444444444444642e+00 1.440958495759397722e-04 8.101859679681489069e+03
-3.888888888888888840e+00 1.261342785253209936e-04 1.268625261763107665e+04
-3.333333333333333037e+00 1.084885698923161674e-04 4.260900194292657397e+04
-2.777777777777777679e+00 9.113796863828048443e-05 5.823388621696353948e+04
-2.222222222222222321e+00 7.405215192746220337e-05 5.029152359280148812e+04
-1.666666666666666519e+00 5.719011192151038923e-05 2.799505006089252856e+04
-1.111111111111110716e+00 4.048147555049925550e-05 3.643215978456697485e+04
-5.555555555555553582e-01 2.383281782939854096e-05 1.698201841620125924e+04
0.000000000000000000e+00 6.841516310227051134e-06 2.113938694562737510e+04
