-5.000000000000000000e+00 1.968941000474654589e-04 5.736065548760441743e+03
-4.444444444444444642e+00 1.752735777151810193e-04 5.974638867582898456e+03
-3.888888888888888840e+00 1.540365357617626187e-04 7.685342780277132988e+03
-3.333333333333333037e+00 1.331717907990590108e-04 1.158805959137479840e+04
-2.777777777777777679e+00 1.126645116213986661e-04 3.504899976065241935e+04
-2.222222222222222321e+00 9.249046236443783740e-05 5.486457823423334048e+04
-1.666666666666666519e+00 7.261065595826662455e-05 4.214478587618221354e+04
-1.111111111111110716e+00 5.296912312115300322e-05 3.390811022549863264e+04
-5.555555555555553582e-01 3.349571389536087359e-05 2.792373061618254724e+04
0.000000000000000000e+00 1.419071568020958523e-05 2.506180198258121891e+04
