-5.000000000000000000e+00 1.179495582755681001e-04 3.088945854005430738e+04
-4.444444444444444642e+00 1.066077759714363079e-04 3.889714899570588022e+04
-3.888888888888888840e+00 9.544181582880170071e-05 3.225538382936206108e+04
-3.333333333333333037e+00 8.440141818256264141e-05 2.981069720737713578e+04
-2.777777777777777679e+00 7.341612143494698076e-05 2.111126364317228945e+04
-2.222222222222222321e+00 6.242071504186920915e-05 3.263369657495092906e+04
-1.666666666666666519e+00 5.137111566013611121e-05 3.542863974939756008e+04
-1.111111111111110716e+00 4.010329211558503603e-05 2.203297540849625511e+04
-5.555555555555553582e-01 2.857859217943940593e-05 4.477953541194347054e+04
0.000000000000000000e+00 1.689400423379872068e-05 3.452995063669707451e+04
