-5.000000000000000000e+00 3.530675365232074665e-04 2.714822132618883188e+03
-4.444444444444444642e+00 3.234890545509870379e-04 3.321803625347450179e+03
-3.888888888888888840e+00 2.944329614794761844e-04 4.174443140160358780e+03
-3.333333333333333037e+00 2.658823612458505073e-04 5.494494388414115747e+03
-2.777777777777777679e+00 2.378229963676446951e-04 7.766878034933877643e+03
-2.222222222222222321e+00 2.102451003796737203e-04 1.134304862743925514e+04
-1.666666666666666519e+00 1.831463532752882796e-04 3.501030347053331934e+04
-1.111111111111110716e+00 1.565339111212479340e-04 5.398813446407306037e+04
-5.555555555555553582e-01 1.304183657166663255e-04 4.519009538966281252e+04
0.000000000000000000e+00 1.047902782544561564e-04 2.711520192573683744e+04
