-5.000000000000000000e+00 1.799573083836946774e-04 5.249794813205867285e+03
-4.444444444444444642e+00 1.599914688951818579e-04 6.618952325805827059e+03
-3.888888888888888840e+00 1.403836099397039964e-04 9.405770353400979729e+03
-3.333333333333333037e+00 1.211217209161139229e-04 1.790630153316503856e+04
-2.777777777777777679e+00 1.021881646336979417e-04 7.886276777553469583e+04
-2.222222222222222321e+00 8.355530379071496425e-05 4.989513016251177032e+04
-1.666666666666666519e+00 6.518277233205741232e-05 3.646058536488802201e+04
-1.111111111111110716e+00 4.701817517435211819e-05 3.447804142734173365e+04
-5.555555555555553582e-01 2.899864823060591771e-05 2.585989095424181141e+04
0.000000000000000000e+00 1.102517024295954790e-05 2.985354276438485613e+04
