-5.000000000000000000e+00 1.141039111910546039e-04 3.846746067005213263e+04
-4.473684210526315930e+00 1.052844683696799036e-04 2.728932557680538594e+04
-3.947368421052631859e+00 9.654832128482278655e-05 3.202892977878731108e+04
-3.421052631578947345e+00 8.784648638315430504e-05 2.486677620497134558e+04
-2.894736842105263275e+00 7.912909539093890277e-05 3.303102113093299704e+04
-2.368421052631579204e+00 7.037668771136352868e-05 2.907020177479843915e+04
-1.842105263157894690e+00 6.154923927045628871e-05 2.910574281076317857e+04
-1.315789473684210620e+00 5.257680961348389250e-05 2.611354440332073500e+04
-7.894736842105265495e-01 4.344689612066706151e-05 4.341881974491492292e+04
-2.631578947368424792e-01 3.416427501485394156e-05 3.729746769743503683e+04
2.631578947368415911e-01 2.539995230270704709e-05 3.097957713743098066e+04
7.894736842105256613e-01 1.936338335821279665e-05 2.925032492855852615e+04
1.315789473684210620e+00 1.638105239188727416e-05 2.796210797501638808e+04
1.842105263157894690e+00 1.409337970052560775e-05 2.299512572881708547e+04
2.368421052631578760e+00 1.342138612703300222e-05 2.356084520109095320e+04
2.894736842105262831e+00 1.321290503852258122e-05 2.316547655545702219e+04
3.421052631578946901e+00 1.205527991064834420e-05 2.245581566998029302e+04
3.947368421052631859e+00 9.221233260463098177e-06 1.729836417354271543e+04
4.473684210526315042e+00 4.895443325894304266e-06 2.080160646972966424e+04
5.000000000000000000e+00 2.179557885367320570e-07 1.556247793203660513e+04
