-5.000000000000000000e+00 3.186998101125759590e-04 3.892312062475232324e+03
-4.444444444444444642e+00 2.906856030366554954e-04 4.366353727494818486e+03
-3.888888888888888840e+00 2.631651785902294023e-04 5.066581327015916941e+03
-3.333333333333333037e+00 2.361234966175599574e-04 5.595687303222298397e+03
-2.777777777777777679e+00 2.095491509998291860e-04 7.971073882164457245e+03
-2.222222222222222321e+00 1.834362972413227928e-04 1.465689096307558066e+04
-1.666666666666666519e+00 1.577860246347385681e-04 8.855722005174835795e+04
-1.111111111111110716e+00 1.326019257061772805e-04 4.303305653520666965e+04
-5.555555555555553582e-01 1.078741983024363114e-04 3.963917413594022219e+04
0.000000000000000000e+00 8.355441189561858524e-05 2.752750235546615295e+04
