-5.000000000000000000e+00 1.240036451763525539e-04 3.396068268517661636e+04
-4.444444444444444642e+00 1.108867593869893346e-04 2.923423193116185939e+04
-3.888888888888888840e+00 0.000000000000000000e+00 0.000000000000000000e+00
-3.333333333333333037e+00 8.531670919901554820e-05 3.460493136383474484e+04
-2.777777777777777679e+00 7.277216765041271795e-05 2.675273497856203176e+04
-2.222222222222222321e+00 6.028295157973479867e-05 2.139382855527531137e+04
-1.666666666666666519e+00 4.778695912390076373e-05 3.920932180054373021e+04
-1.111111111111110716e+00 3.516300626153376037e-05 2.164258531148348993e+04
-5.555555555555553582e-01 2.217346152585865387e-05 4.194227850840751489e+04
0.000000000000000000e+00 8.863017268255733705e-06 3.286405029601913702e+04
