-5.000000000000000000e+00 1.147962357338199054e-04 2.839045979965897277e+04
-4.473684210526315930e+00 1.070880562702315319e-04 2.778510694930914906e+04
-3.947368421052631859e+00 9.941231011195776320e-05 2.753034029093790741e+04
-3.421052631578947345e+00 9.173069824028819738e-05 3.732018314412382460e+04
-2.894736842105263275e+00 8.401544789141488910e-05 2.940078331522332883e+04
-2.368421052631579204e+00 7.625310720558208855e-05 3.918859181371687009e+04
-1.842105263157894690e+00 6.840711088839859918e-05 2.660647387910071484e+04
-1.315789473684210620e+00 6.044391592392764866e-05 3.146173533163703542e+04
-7.894736842105265495e-01 5.235668696127403053e-05 3.792760637353012862e+04
-2.631578947368424792e-01 4.414943939894425910e-05 3.462052412110519799e+04
2.631578947368415911e-01 3.614432036495118610e-05 3.389275116818852985e+04
7.894736842105256613e-01 3.006266107357332177e-05 3.755213145654077380e+04
1.315789473684210620e+00 2.692864367628412494e-05 3.020676088115124730e+04
1.842105263157894690e+00 2.485658467617868843e-05 2.440153344155551895e+04
2.368421052631578760e+00 2.358063605057527780e-05 2.405487062291700568e+04
2.894736842105262831e+00 2.246194458774057964e-05 2.215546802332886364e+04
3.421052631578946901e+00 2.201477267587651117e-05 2.046321379221389361e+04
3.947368421052631859e+00 2.097818357865837297e-05 1.903557947233620871e+04
4.473684210526315042e+00 1.839355087159854878e-05 1.528566931584903068e+04
5.000000000000000000e+00 1.454035079556565714e-05 1.543919877380445723e+04
