-5.000000000000000000e+00 2.500655500904962105e-04 4.291514372500318132e+03
-4.444444444444444642e+00 2.252131515858797400e-04 5.113269542488032130e+03
-3.888888888888888840e+00 2.007986592431496779e-04 5.468082241930295822e+03
-3.333333333333333037e+00 1.768115427089824072e-04 8.145541749435672500e+03
-2.777777777777777679e+00 1.532440827346505364e-04 1.184971743143653293e+04
-2.222222222222222321e+00 1.300884657622993260e-04 4.080655990701777773e+04
-1.666666666666666519e+00 1.073288968429220430e-04 5.730100561935041333e+04
-1.111111111111110716e+00 8.492970383613850018e-05 3.487753300227967702e+04
-5.555555555555553582e-01 6.282656468455134074e-05 3.406448932697961573e+04
0.000000000000000000e+00 4.092859336271624602e-05 2.268567418429095414e+04
