-5.000000000000000000e+00 2.191675353238407950e-04 4.149144157340569109e+03
-4.444444444444444642e+00 1.959178049079348337e-04 4.846518136732820494e+03
-3.888888888888888840e+00 1.730784528481243544e-04 7.018816432828202778e+03
-3.333333333333333037e+00 1.506391082458528115e-04 8.374189967651049301e+03
-2.777777777777777679e+00 1.285888711429470678e-04 1.781477451520569593e+04
-2.222222222222222321e+00 1.069106354239462802e-04 8.428777155172597850e+04
-1.666666666666666519e+00 8.557290221346657423e-05 5.017786800302974007e+04
-1.111111111111110716e+00 6.452329859390153579e-05 2.996684278136287321e+04
-5.555555555555553582e-01 4.368778638913750737e-05 2.988369211713761615e+04
0.000000000000000000e+00 2.298588349806961645e-05 2.557822520557702592e+04
