-9.000000000000000000e+00 1.689400423379869358e-05
-8.571428571428571175e+00 9.960622645874281849e-06
-8.142857142857142350e+00 7.146801810024120447e-06
-7.714285714285714413e+00 4.173632054440241739e-06
-7.285714285714285587e+00 3.557722115329259190e-06
-6.857142857142857650e+00 6.431207895533839857e-06
-6.428571428571428825e+00 1.021142242420060726e-05
-6.000000000000000000e+00 1.242993950130280689e-05
-5.571428571428571175e+00 1.543521866764819122e-05
-5.142857142857143238e+00 2.410807404928684414e-05
-4.714285714285714413e+00 3.811563342734122892e-05
-4.285714285714285587e+00 5.438484854165899545e-05
-3.857142857142857650e+00 7.127336381259298721e-05
-3.428571428571428825e+00 8.814310777439655735e-05
-3.000000000000000000e+00 1.047902782544561564e-04
