-5.000000000000000000e+00 1.429790719046103052e-04
-4.444444444444444642e+00 1.268065615433532989e-04
-3.888888888888888840e+00 1.109246930828361964e-04
-3.333333333333333037e+00 9.531636618089811064e-05
-2.777777777777777679e+00 7.995670691969046051e-05
-2.222222222222222321e+00 6.480786885077174301e-05
-1.666666666666666519e+00 4.978390972125194353e-05
-1.111111111111110716e+00 3.478605359552570426e-05
-5.555555555555553582e-01 1.967306972142537604e-05
0.000000000000000000e+00 3.979447717174707056e-06
