0.000000000000000000e+00 2.172095401663879104e-04
5.555555555555555802e-01 1.847254140459419591e-04
1.111111111111111160e+00 1.528755148074691041e-04
1.666666666666666741e+00 1.218204659449649530e-04
2.222222222222222321e+00 9.135204279505794553e-05
2.777777777777777679e+00 5.943894558489353039e-05
3.333333333333333481e+00 2.618913224622515659e-05
3.888888888888889284e+00 8.184398361666385624e-06
4.444444444444444642e+00 3.598581628064081349e-05
5.000000000000000000e+00 4.315628502696073796e-05
